(209, 243)  
(233, 186)  
(123, 51)  
(177, 228)  
(165, 247)  
(62, 129)|(230, 128)|(185, 70) 
(56, 45)|(205, 37) 
(145, 188)  
(184, 145)  
(85, 37)  
(55, 68)  
(229, 24)  
(249, 218)  
(60, 109)  
(88, 158)|(187, 20) 
(220, 30)  
(200, 195)  
(12, 241)  
(122, 122)  
(5, 67)  
(247, 175)  
(157, 128)  
(82, 30)  
(150, 100)|(161, 79)|(247, 29)|(100, 24)
(67, 49)  
(122, 122)  
(25, 45)  
(58, 237)|(203, 196)|(193, 97) 
(183, 158)  
(197, 30)  
(32, 80)  
(166, 223)|(78, 175)|(213, 151)|(238, 18)
(162, 185)  
(55, 3)  
(77, 181)  
(59, 5)  
(40, 53)|(10, 34) 
(116, 235)|(23, 198)|(234, 14) 
(74, 26)  
(191, 146)  
(198, 235)  
(249, 177)  
(127, 79)  
(2, 27)  
(220, 109)  
(74, 19)  
(156, 8)  
(191, 71)  
(192, 47)  
(149, 89)  
(232, 247)|(198, 109) 
(44, 82)|(110, 3) 
(40, 135)  
(170, 245)|(126, 127) 
(35, 220)|(90, 53) 
(189, 167)  
(119, 90)|(181, 13) 
(59, 201)|(112, 128) 
(246, 52)  
(192, 95)  
(233, 212)|(221, 99) 
(217, 204)|(71, 203) 
(64, 149)  
(34, 153)|(192, 23) 
(102, 39)  
(219, 235)|(155, 120) 
(204, 79)|(185, 3) 
(34, 226)|(238, 12) 
(117, 103)|(167, 31) 
(122, 177)|(183, 178) 
(148, 234)|(170, 9) 
(201, 221)|(67, 182) 
(130, 59)|(9, 8) 
(113, 94)  
(56, 235)  
(227, 230)|(72, 104) 
(50, 102)|(42, 56) 
(250, 251)|(27, 173) 
(160, 195)|(126, 106) 
(109, 163)|(219, 93) 
(205, 115)|(177, 83) 
(87, 250)  
(191, 117)|(81, 71) 
(45, 211)|(217, 110) 
(28, 204)|(96, 146) 
(201, 152)|(109, 30) 
(199, 33)|(178, 7) 
(26, 224)|(201, 170) 
(126, 128)|(121, 24) 
(22, 195)|(112, 81) 
(42, 188)|(22, 130) 
(89, 61)|(187, 52) 
(223, 143)|(88, 5) 
(129, 228)  
(82, 154)|(202, 71) 
(127, 126)|(68, 40) 
(177, 240)  
(40, 224)|(87, 206) 
(122, 168)|(225, 89) 
(205, 231)|(61, 102) 
(129, 220)|(127, 128) 
(187, 209)|(128, 126) 
(217, 220)|(93, 159) 
(76, 202)|(239, 149) 
(117, 92)|(186, 88) 
(102, 150)|(110, 64) 
(40, 220)  
(120, 238)|(219, 93) 
(173, 190)  
(41, 118)|(230, 24) 
(85, 199)|(184, 144) 
(131, 154)|(156, 29) 
(213, 111)|(239, 4) 
(108, 162)|(243, 122) 
(152, 227)  
(48, 224)|(59, 83) 
(175, 145)|(109, 103) 
(112, 192)|(9, 101) 
(185, 191)|(73, 122) 
(140, 207)|(79, 82) 
(126, 95)|(238, 94) 
(117, 163)  
(105, 49)  
(194, 177)|(224, 89) 
(83, 174)|(123, 33) 
(128, 127)|(128, 57) 
(118, 234)  
(108, 174)  
(164, 134)  
(180, 225)  
(100, 124)  
(109, 169)|(132, 131) 
(51, 150)|(132, 127) 
(238, 198)|(169, 15) 
(132, 130)  
(23, 35)  
(136, 73)  
(39, 131)  
(92, 120)  
(73, 95)  
(132, 128)  
(212, 183)  
(127, 99)|(42, 15) 
(132, 127)|(77, 120) 
(51, 106)  
(143, 81)|(200, 65) 
(239, 122)  
(40, 144)  
(188, 146)  
(145, 138)|(215, 59) 
(226, 36)  
(195, 247)  
(206, 32)  
(236, 12)  
(31, 42)  
(208, 179)  
(132, 128)  
(115, 64)  
(83, 247)  
(217, 73)  
(76, 51)  
(172, 51)  
(86, 217)|(83, 134) 
(176, 123)  
(142, 34)|(81, 22) 
(246, 210)  
(197, 240)  
(45, 171)  
(17, 179)  
(216, 87)  
(60, 140)  
(132, 128)  
(203, 225)  
(215, 230)  
(17, 118)  
(131, 128)  
(145, 134)|(69, 84) 
(168, 138)  
(41, 249)|(186, 180) 
(40, 235)|(121, 196)|(62, 170) 
(122, 122)  
(122, 122)  
(120, 208)|(201, 180)|(225, 124)|(122, 122)
(206, 213)  
(85, 163)  
(105, 243)|(181, 82)|(116, 61) 
(92, 192)  
(21, 195)|(2, 179)|(153, 94)|(167, 80)
(169, 49)  
(249, 250)  
(118, 214)  
(32, 76)  
(188, 95)  
(180, 160)  
(32, 40)  
(87, 161)|(126, 27) 
(19, 252)  
(24, 19)  
(30, 222)|(189, 180)|(204, 94) 
(74, 198)  
(124, 26)  
(105, 123)  
(244, 233)|(225, 218) 
(53, 172)|(49, 110) 
(122, 122)  
(237, 99)  
(88, 149)  
(137, 9)  
(21, 205)|(179, 201)|(163, 84)|(108, 15)
(36, 6)  
(60, 93)  
(234, 224)  
(191, 119)  
(129, 140)|(190, 3) 
(98, 175)  
(66, 69)  
(229, 181)|(147, 146) 
(32, 250)|(194, 123) 
(87, 19)  
(20, 65)  
(215, 247)|(174, 191) 
(207, 102)|(39, 8) 
(236, 93)|(208, 15) 
(212, 229)|(36, 5) 
(149, 88)  
(107, 152)|(209, 38) 
(61, 169)  
(229, 64)  
(128, 177)|(141, 51) 
(89, 242)|(77, 148) 
(81, 12)  
(132, 129)|(87, 85) 
(133, 130)|(228, 34) 
(76, 115)  
(115, 177)|(228, 126) 
(202, 146)  
(220, 139)|(185, 48) 
(8, 231)  
(170, 193)|(33, 70) 
(123, 201)  
(114, 214)  
(131, 128)|(116, 122) 
(64, 148)|(66, 92) 
(116, 59)  
(247, 187)|(133, 127) 
(78, 40)  
(160, 76)  
(200, 66)  
(240, 43)  
(229, 40)  
(138, 187)|(78, 172) 
(126, 122)  
(19, 150)  
(77, 94)  
(202, 102)  
(176, 69)  
(122, 145)|(107, 72) 
(132, 131)  
(69, 116)  
(177, 202)  
(190, 220)|(64, 51) 
(132, 127)|(75, 40) 
(46, 160)|(96, 29) 
(43, 188)|(198, 127) 
(149, 101)|(11, 45) 
(49, 147)|(109, 94) 
(165, 171)|(163, 158) 
(47, 29)  
(67, 153)|(158, 40) 
(27, 232)|(59, 86) 
(161, 150)  
(24, 146)|(73, 47) 
(90, 126)  
(39, 243)|(132, 128) 
(143, 87)|(181, 26) 
(30, 43)  
(91, 40)  
(238, 118)  
(216, 219)  
(99, 122)  
(160, 171)  
(127, 39)  
(121, 122)  
(24, 153)  
(20, 122)  
(33, 146)  
(248, 230)  
(54, 184)  
(142, 215)  
(176, 7)  
(87, 15)  
(235, 40)  
(119, 145)  
(111, 194)  
(227, 217)  
(171, 92)  
(157, 222)  
(141, 204)  
(190, 221)  
(96, 147)  
(31, 71)  
(218, 125)  
(85, 11)  
(181, 173)  
(146, 155)  
(132, 131)  
(53, 62)  
(165, 87)  
(131, 64)  
(174, 89)  
(135, 131)  
(135, 131)  
(134, 131)  
(133, 130)  
(135, 131)  
(229, 113)  
(39, 198)|(92, 178) 
(74, 142)|(125, 127) 
(24, 213)|(68, 132) 
(174, 78)|(94, 26) 
(211, 164)  
(67, 182)|(132, 143) 
(123, 203)|(223, 18) 
(31, 27)  
(74, 125)|(29, 36) 
(51, 229)|(28, 17) 
(193, 64)|(5, 15) 
(39, 174)|(249, 123) 
(118, 96)|(102, 51) 
(177, 178)|(110, 59) 
(127, 148)|(26, 39) 
(37, 206)|(126, 22) 
(72, 244)|(201, 105) 
(183, 230)|(59, 213) 
(151, 198)|(15, 172) 
(231, 91)|(66, 80) 
(154, 144)|(155, 53) 
(210, 194)|(8, 128) 
(169, 221)|(100, 72) 
(38, 42)|(38, 14) 
(15, 21)  
(105, 150)|(113, 93) 
(37, 56)|(203, 46) 
(73, 250)|(104, 119) 
(253, 171)|(120, 22) 
(136, 200)|(164, 45) 
(79, 135)|(220, 102) 
(154, 213)|(248, 210) 
(206, 138)|(97, 31) 
(29, 202)|(222, 82) 
(102, 63)  
(217, 134)|(87, 76) 
(108, 163)  
(60, 212)  
(71, 179)|(225, 58) 
(191, 209)|(228, 185) 
(136, 100)|(221, 60) 
(20, 221)|(28, 113) 
(163, 135)|(187, 56) 
(50, 120)|(244, 111) 
(3, 204)|(110, 185) 
(136, 230)|(125, 66) 
(162, 245)|(47, 21) 
(39, 161)|(14, 7) 
(168, 241)|(39, 184) 
(26, 210)|(83, 203) 
(201, 211)|(214, 195) 
(208, 152)|(78, 13) 
(201, 134)|(129, 118) 
(70, 142)|(230, 83) 
(221, 123)|(205, 43) 
(231, 237)|(127, 128) 
(129, 126)|(232, 117) 
(30, 203)|(133, 169) 
(245, 190)|(244, 75) 
(189, 111)|(42, 26) 
(16, 75)|(102, 5) 
(54, 237)  
(10, 86)|(232, 20) 
(81, 92)  
(192, 33)  
(9, 71)|(217, 20) 
(49, 184)|(232, 146) 
(69, 251)|(128, 114) 
(166, 124)|(252, 22) 
(75, 222)|(12, 64) 
(46, 151)|(2, 82) 
(101, 29)  
(202, 242)  
(239, 127)|(146, 26) 
(153, 3)  
(164, 117)|(184, 10) 
(184, 231)|(77, 122) 
(107, 121)|(175, 13) 
(15, 245)  
(180, 236)|(29, 138) 
(93, 253)  
(42, 34)  
(21, 134)|(243, 2) 
(123, 167)  
(227, 244)  
(19, 213)|(25, 93) 
(37, 210)|(176, 31) 
(115, 189)|(191, 17) 
(21, 1)  
(231, 95)|(122, 95) 
(202, 94)|(106, 55) 
(47, 101)  
(152, 195)|(246, 166) 
(208, 228)|(92, 96) 
(97, 137)|(91, 90) 
(52, 153)|(195, 17) 
(136, 60)  
(14, 61)|(55, 22) 
(98, 119)|(196, 87) 
(132, 238)|(133, 179) 
(235, 168)  
(193, 115)  
(162, 116)|(56, 98) 
(111, 44)|(210, 20) 
(71, 144)  
(147, 224)|(150, 61) 
(77, 126)|(95, 36) 
(108, 76)|(210, 42) 
(78, 187)|(199, 126) 
(113, 237)|(126, 127) 
(56, 126)|(174, 46) 
(64, 214)|(90, 31) 
(146, 30)  
(65, 194)|(4, 45) 
(81, 92)  
(6, 245)|(183, 35) 
(76, 163)|(238, 128) 
(233, 159)|(178, 72) 
(248, 147)|(110, 65) 
(5, 15)  
(127, 127)|(41, 103) 
(19, 53)  
(110, 71)  
(55, 35)  
(119, 237)  
(75, 13)  
(129, 122)  
(170, 139)  
(210, 90)  
(17, 216)  
(165, 195)  
(98, 42)  
(162, 239)  
(221, 123)  
(108, 163)  
(45, 128)  
(46, 199)  
(129, 122)  
(233, 223)  
(52, 41)  
(115, 80)  
(99, 153)  
(167, 179)  
(139, 81)  
(244, 46)  
(122, 38)  
(231, 103)  
(128, 123)  
(209, 76)  
(61, 13)  
(241, 244)  
(188, 157)  
(142, 189)  
(128, 10)  
(150, 14)  
(204, 177)  
(246, 56)  
(71, 73)  
(207, 16)  
(128, 122)  
(167, 152)  
(238, 169)  
(59, 55)  
(22, 171)  
(128, 121)  
(110, 99)  
(77, 98)  
(33, 97)  
(239, 89)  
(116, 178)  
(157, 51)  
(33, 42)  
(128, 123)  
(165, 236)  
(199, 180)  
(103, 229)  
(87, 223)  
(49, 30)  
(128, 123)  
(181, 58)  
(130, 122)  
(235, 243)  
(36, 45)  
(80, 158)  
(213, 246)  
(34, 186)  
(143, 238)  
(51, 103)  
(58, 54)  
(59, 55)  
(184, 15)  
(29, 6)  
(182, 173)  
(58, 169)  
(129, 125)  
(104, 5)  
(92, 35)  
(130, 43)  
(47, 16)  
(129, 122)  
(128, 126)  
(225, 9)  
(218, 196)  
(127, 206)  
(88, 13)  
(144, 30)  
(91, 204)  
(100, 26)  
(203, 209)  
(129, 124)  
(179, 147)  
(194, 214)  
(130, 121)  
(189, 72)  
(226, 161)  
(59, 54)  
(177, 41)  
(129, 123)  
(233, 92)  
(217, 150)  
(108, 187)  
(182, 35)  
(160, 188)  
(194, 104)  
(94, 153)  
(228, 161)  
(15, 208)  
(179, 163)  
(81, 142)  
(133, 247)  
(94, 9)  
(80, 51)  
(11, 211)  
(142, 65)  
(129, 124)  
(66, 52)  
(208, 21)  
(131, 39)  
(225, 52)  
(52, 100)  
(74, 35)  
(102, 209)|(119, 11) 
(210, 146)  
(86, 9)  
(14, 39)  
(98, 67)  
(59, 83)  
(70, 141)|(94, 57) 
(42, 165)  
(27, 127)  
(150, 231)  
(225, 169)|(47, 21) 
(200, 97)  
(40, 85)  
(85, 174)|(198, 155)|(131, 151)|(227, 82)
(219, 180)  
(187, 251)  
(28, 187)  
(231, 32)  
(246, 150)|(152, 94) 
(40, 124)  
(122, 122)  
(121, 65)  
(89, 88)  
(75, 114)  
(252, 176)  
(99, 109)  
(11, 181)|(172, 101)|(95, 35) 
(35, 128)  
(115, 94)  
(86, 4)  
(228, 16)  
(179, 91)  
(33, 217)  
(11, 54)  
(217, 241)  
(52, 138)  
(36, 180)|(152, 107) 
(149, 244)|(214, 155)|(188, 134) 
(215, 10)  
(126, 181)  
(81, 251)  
(194, 166)|(168, 124) 
(75, 201)  
(222, 99)  
(84, 218)  
(122, 122)  
(198, 140)  
(65, 205)  
(20, 169)|(184, 89)|(166, 36) 
(249, 53)  
(127, 205)  
(70, 133)  
(239, 100)  
(138, 173)|(39, 97) 
(154, 116)  
(193, 123)  
(130, 164)  
(162, 244)|(218, 181) 
(192, 214)|(156, 181) 
(188, 139)  
(9, 134)|(122, 122)|(155, 102) 
(215, 153)  
(123, 175)|(88, 127)|(78, 111) 
(187, 124)  
(155, 69)  
(218, 199)|(214, 199) 
(20, 130)  
(102, 110)  
(137, 101)  
(99, 222)  
(223, 183)  
(13, 232)  
(33, 201)  
(40, 139)  
(50, 21)  
(158, 43)  
(132, 128)  
(89, 167)  
(221, 111)  
(132, 127)  
(132, 127)  
(132, 127)  
(141, 103)  
(128, 191)  
(238, 229)  
(133, 150)  
(38, 130)  
(165, 50)  
(88, 17)  
(139, 89)  
(199, 133)  
(132, 131)  
(130, 229)  
(189, 59)  
(41, 94)  
(176, 219)  
(25, 27)  
(32, 81)  
(109, 209)  
(84, 71)  
(16, 173)  
(116, 60)  
(60, 30)  
(149, 15)  
(102, 91)  
(158, 43)  
